import React,{useState,useEffect} from 'react';
import ReactEcharts from 'echarts-for-react';
import echarts from 'echarts';
// import './index.css';


const Haralick = () => {
  const [optionData, setOptionData] = useState();
  // const chartRef = useRef(null);
  

  const data=[
    [
        0,
        0,
        0.000385848
    ],
    [
        1,
        0,
        0.000150144
    ],
    [
        2,
        0,
        0.0001616755
    ],
    [
        3,
        0,
        0.0002404424
    ],
    [
        4,
        0,
        0.0003077948
    ],
    [
        5,
        0,
        0.0002417283
    ],
    [
        6,
        0,
        0.0002165983
    ],
    [
        7,
        0,
        0.0003257248
    ],
    [
        8,
        0,
        0.0003517384
    ],
    [
        9,
        0,
        0.000366691
    ],
    [
        10,
        0,
        0.000262757
    ],
    [
        11,
        0,
        0.0003343058
    ],
    [
        12,
        0,
        0.0003061766
    ],
    [
        13,
        0,
        0.0002946149
    ],
    [
        14,
        0,
        0.0001717841
    ],
    [
        15,
        0,
        0.0004010085
    ],
    [
        16,
        0,
        0.0001898379
    ],
    [
        17,
        0,
        0.0001858803
    ],
    [
        18,
        0,
        0.0001740521
    ],
    [
        19,
        0,
        0.0000875605
    ],
    [
        20,
        0,
        0.0001080674
    ],
    [
        21,
        0,
        0.0000885824
    ],
    [
        22,
        0,
        0.0001382717
    ],
    [
        23,
        0,
        0.0001017102
    ],
    [
        24,
        0,
        0.0000326505
    ],
    [
        25,
        0,
        0.0000631447
    ],
    [
        26,
        0,
        0.000034507
    ],
    [
        27,
        0,
        0.0000339318
    ],
    [
        28,
        0,
        0.0000272684
    ],
    [
        29,
        0,
        0.000058547
    ],
    [
        30,
        0,
        0.0000324599
    ],
    [
        31,
        0,
        0.0000071041
    ],
    [
        32,
        0,
        0.0000265599
    ],
    [
        33,
        0,
        0.0000348681
    ],
    [
        34,
        0,
        0.0000132743
    ],
    [
        35,
        0,
        0.0000406207
    ],
    [
        36,
        0,
        0.0000211893
    ],
    [
        37,
        0,
        0.0000411602
    ],
    [
        38,
        0,
        0.0000202703
    ],
    [
        39,
        0,
        0.0000071041
    ],
    [
        40,
        0,
        0
    ],
    [
        41,
        0,
        0.0000069175
    ],
    [
        42,
        0,
        0.0000071041
    ],
    [
        43,
        0,
        0
    ],
    [
        44,
        0,
        0
    ],
    [
        45,
        0,
        0.0000202711
    ],
    [
        46,
        0,
        0
    ],
    [
        47,
        0,
        0
    ],
    [
        48,
        0,
        0.000014481
    ],
    [
        49,
        0,
        0
    ],
    [
        0,
        1,
        0.000150144
    ],
    [
        1,
        1,
        0.0000277805
    ],
    [
        2,
        1,
        0.0000668133
    ],
    [
        3,
        1,
        0.0001045302
    ],
    [
        4,
        1,
        0.000112774
    ],
    [
        5,
        1,
        0.0001478093
    ],
    [
        6,
        1,
        0.0002685094
    ],
    [
        7,
        1,
        0.0002226067
    ],
    [
        8,
        1,
        0.0002476881
    ],
    [
        9,
        1,
        0.000212997
    ],
    [
        10,
        1,
        0.0002132737
    ],
    [
        11,
        1,
        0.0002445424
    ],
    [
        12,
        1,
        0.0001901731
    ],
    [
        13,
        1,
        0.0001617519
    ],
    [
        14,
        1,
        0.0001073173
    ],
    [
        15,
        1,
        0.0001773163
    ],
    [
        16,
        1,
        0.000105828
    ],
    [
        17,
        1,
        0.0000882456
    ],
    [
        18,
        1,
        0.0000748617
    ],
    [
        19,
        1,
        0.0000422211
    ],
    [
        20,
        1,
        0.0000615889
    ],
    [
        21,
        1,
        0.0000344248
    ],
    [
        22,
        1,
        0.0000415451
    ],
    [
        23,
        1,
        0.0000203114
    ],
    [
        24,
        1,
        0.0000130662
    ],
    [
        25,
        1,
        0.000013229
    ],
    [
        26,
        1,
        0.0000130421
    ],
    [
        27,
        1,
        0
    ],
    [
        28,
        1,
        0.000020414
    ],
    [
        29,
        1,
        0.0000134383
    ],
    [
        30,
        1,
        0
    ],
    [
        31,
        1,
        0
    ],
    [
        32,
        1,
        0
    ],
    [
        33,
        1,
        0
    ],
    [
        34,
        1,
        0
    ],
    [
        35,
        1,
        0
    ],
    [
        36,
        1,
        0.0000072405
    ],
    [
        37,
        1,
        0
    ],
    [
        38,
        1,
        0
    ],
    [
        39,
        1,
        0.0000060124
    ],
    [
        40,
        1,
        0
    ],
    [
        41,
        1,
        0.0000069968
    ],
    [
        42,
        1,
        0.0000072405
    ],
    [
        43,
        1,
        0
    ],
    [
        44,
        1,
        0
    ],
    [
        45,
        1,
        0.0000070185
    ],
    [
        46,
        1,
        0
    ],
    [
        47,
        1,
        0
    ],
    [
        48,
        1,
        0
    ],
    [
        49,
        1,
        0
    ],
    [
        0,
        2,
        0.0001616755
    ],
    [
        1,
        2,
        0.0000668133
    ],
    [
        2,
        2,
        0.0001041415
    ],
    [
        3,
        2,
        0.0001376965
    ],
    [
        4,
        2,
        0.0003041572
    ],
    [
        5,
        2,
        0.0003358988
    ],
    [
        6,
        2,
        0.000327582
    ],
    [
        7,
        2,
        0.0003652626
    ],
    [
        8,
        2,
        0.0004505968
    ],
    [
        9,
        2,
        0.000207951
    ],
    [
        10,
        2,
        0.000365701
    ],
    [
        11,
        2,
        0.0003394138
    ],
    [
        12,
        2,
        0.0003119617
    ],
    [
        13,
        2,
        0.0002045974
    ],
    [
        14,
        2,
        0.0002117364
    ],
    [
        15,
        2,
        0.0002356837
    ],
    [
        16,
        2,
        0.0000872261
    ],
    [
        17,
        2,
        0.0001871129
    ],
    [
        18,
        2,
        0.0001401647
    ],
    [
        19,
        2,
        0.0000680615
    ],
    [
        20,
        2,
        0.0001201005
    ],
    [
        21,
        2,
        0.0000868487
    ],
    [
        22,
        2,
        0.0000755818
    ],
    [
        23,
        2,
        0.0000412184
    ],
    [
        24,
        2,
        0.0000350909
    ],
    [
        25,
        2,
        0.0000283358
    ],
    [
        26,
        2,
        0.000020414
    ],
    [
        27,
        2,
        0.0000355926
    ],
    [
        28,
        2,
        0.0000195175
    ],
    [
        29,
        2,
        0.0000264804
    ],
    [
        30,
        2,
        0
    ],
    [
        31,
        2,
        0.0000203705
    ],
    [
        32,
        2,
        0.000013031
    ],
    [
        33,
        2,
        0.0000140371
    ],
    [
        34,
        2,
        0.0000072405
    ],
    [
        35,
        2,
        0.0000212341
    ],
    [
        36,
        2,
        0.0000131505
    ],
    [
        37,
        2,
        0.000014158
    ],
    [
        38,
        2,
        0
    ],
    [
        39,
        2,
        0
    ],
    [
        40,
        2,
        0
    ],
    [
        41,
        2,
        0
    ],
    [
        42,
        2,
        0
    ],
    [
        43,
        2,
        0
    ],
    [
        44,
        2,
        0
    ],
    [
        45,
        2,
        0
    ],
    [
        46,
        2,
        0
    ],
    [
        47,
        2,
        0
    ],
    [
        48,
        2,
        0
    ],
    [
        49,
        2,
        0
    ],
    [
        0,
        3,
        0.0002404424
    ],
    [
        1,
        3,
        0.0001045302
    ],
    [
        2,
        3,
        0.0001376965
    ],
    [
        3,
        3,
        0.000407533
    ],
    [
        4,
        3,
        0.0005177141
    ],
    [
        5,
        3,
        0.0005340554
    ],
    [
        6,
        3,
        0.0006095431
    ],
    [
        7,
        3,
        0.0009008074
    ],
    [
        8,
        3,
        0.00097019
    ],
    [
        9,
        3,
        0.0009372072
    ],
    [
        10,
        3,
        0.0007400648
    ],
    [
        11,
        3,
        0.0006547577
    ],
    [
        12,
        3,
        0.0006774898
    ],
    [
        13,
        3,
        0.0005288393
    ],
    [
        14,
        3,
        0.000348533
    ],
    [
        15,
        3,
        0.000450314
    ],
    [
        16,
        3,
        0.0002829019
    ],
    [
        17,
        3,
        0.0002484316
    ],
    [
        18,
        3,
        0.0002112887
    ],
    [
        19,
        3,
        0.0002050744
    ],
    [
        20,
        3,
        0.0001363979
    ],
    [
        21,
        3,
        0.000102377
    ],
    [
        22,
        3,
        0.0001024439
    ],
    [
        23,
        3,
        0.0001008786
    ],
    [
        24,
        3,
        0.000074837
    ],
    [
        25,
        3,
        0.0000389633
    ],
    [
        26,
        3,
        0.0000543127
    ],
    [
        27,
        3,
        0.0000617203
    ],
    [
        28,
        3,
        0.0000466683
    ],
    [
        29,
        3,
        0.0000135747
    ],
    [
        30,
        3,
        0.0000805362
    ],
    [
        31,
        3,
        0.0000450452
    ],
    [
        32,
        3,
        0.0000463124
    ],
    [
        33,
        3,
        0.0000470643
    ],
    [
        34,
        3,
        0.0000133311
    ],
    [
        35,
        3,
        0.0000213173
    ],
    [
        36,
        3,
        0
    ],
    [
        37,
        3,
        0.0000336231
    ],
    [
        38,
        3,
        0.0000130879
    ],
    [
        39,
        3,
        0
    ],
    [
        40,
        3,
        0.0000142132
    ],
    [
        41,
        3,
        0.0000072405
    ],
    [
        42,
        3,
        0
    ],
    [
        43,
        3,
        0
    ],
    [
        44,
        3,
        0
    ],
    [
        45,
        3,
        0.0000070962
    ],
    [
        46,
        3,
        0
    ],
    [
        47,
        3,
        0
    ],
    [
        48,
        3,
        0
    ],
    [
        49,
        3,
        0
    ],
    [
        0,
        4,
        0.0003077948
    ],
    [
        1,
        4,
        0.000112774
    ],
    [
        2,
        4,
        0.0003041572
    ],
    [
        3,
        4,
        0.0005177141
    ],
    [
        4,
        4,
        0.0008681377
    ],
    [
        5,
        4,
        0.000796458
    ],
    [
        6,
        4,
        0.0010663403
    ],
    [
        7,
        4,
        0.0012294488
    ],
    [
        8,
        4,
        0.0013976138
    ],
    [
        9,
        4,
        0.0012519477
    ],
    [
        10,
        4,
        0.0011234004
    ],
    [
        11,
        4,
        0.0010577471
    ],
    [
        12,
        4,
        0.0008490098
    ],
    [
        13,
        4,
        0.0006422514
    ],
    [
        14,
        4,
        0.0005670785
    ],
    [
        15,
        4,
        0.0006017119
    ],
    [
        16,
        4,
        0.0004622361
    ],
    [
        17,
        4,
        0.0004267402
    ],
    [
        18,
        4,
        0.0004283543
    ],
    [
        19,
        4,
        0.0003084561
    ],
    [
        20,
        4,
        0.0002190508
    ],
    [
        21,
        4,
        0.000173674
    ],
    [
        22,
        4,
        0.0002165347
    ],
    [
        23,
        4,
        0.0002252266
    ],
    [
        24,
        4,
        0.0001094576
    ],
    [
        25,
        4,
        0.0000753047
    ],
    [
        26,
        4,
        0.0000550327
    ],
    [
        27,
        4,
        0.0000828808
    ],
    [
        28,
        4,
        0.0000708985
    ],
    [
        29,
        4,
        0.0000414813
    ],
    [
        30,
        4,
        0.0000213173
    ],
    [
        31,
        4,
        0.0000543886
    ],
    [
        32,
        4,
        0.000034122
    ],
    [
        33,
        4,
        0.0000353568
    ],
    [
        34,
        4,
        0.0000132743
    ],
    [
        35,
        4,
        0.0000483812
    ],
    [
        36,
        4,
        0.000031447
    ],
    [
        37,
        4,
        0.0000752688
    ],
    [
        38,
        4,
        0.0000346078
    ],
    [
        39,
        4,
        0.000020671
    ],
    [
        40,
        4,
        0.000014259
    ],
    [
        41,
        4,
        0
    ],
    [
        42,
        4,
        0.0000205148
    ],
    [
        43,
        4,
        0.0000063342
    ],
    [
        44,
        4,
        0
    ],
    [
        45,
        4,
        0.0000072405
    ],
    [
        46,
        4,
        0
    ],
    [
        47,
        4,
        0
    ],
    [
        48,
        4,
        0.0000070962
    ],
    [
        49,
        4,
        0.0000072405
    ],
    [
        0,
        5,
        0.0002417283
    ],
    [
        1,
        5,
        0.0001478093
    ],
    [
        2,
        5,
        0.0003358988
    ],
    [
        3,
        5,
        0.0005340554
    ],
    [
        4,
        5,
        0.000796458
    ],
    [
        5,
        5,
        0.0010549093
    ],
    [
        6,
        5,
        0.0010496326
    ],
    [
        7,
        5,
        0.0015660812
    ],
    [
        8,
        5,
        0.0017451212
    ],
    [
        9,
        5,
        0.0014384979
    ],
    [
        10,
        5,
        0.0012258351
    ],
    [
        11,
        5,
        0.0013044591
    ],
    [
        12,
        5,
        0.0014194659
    ],
    [
        13,
        5,
        0.0010350071
    ],
    [
        14,
        5,
        0.0008309338
    ],
    [
        15,
        5,
        0.0007974828
    ],
    [
        16,
        5,
        0.0005352785
    ],
    [
        17,
        5,
        0.0004442085
    ],
    [
        18,
        5,
        0.0004930924
    ],
    [
        19,
        5,
        0.0003990507
    ],
    [
        20,
        5,
        0.0002311789
    ],
    [
        21,
        5,
        0.0002763853
    ],
    [
        22,
        5,
        0.0001873002
    ],
    [
        23,
        5,
        0.0001685636
    ],
    [
        24,
        5,
        0.0001028964
    ],
    [
        25,
        5,
        0.0000952435
    ],
    [
        26,
        5,
        0.0000783075
    ],
    [
        27,
        5,
        0.0000554054
    ],
    [
        28,
        5,
        0.0000617697
    ],
    [
        29,
        5,
        0.0000496773
    ],
    [
        30,
        5,
        0.0000279017
    ],
    [
        31,
        5,
        0.0000552493
    ],
    [
        32,
        5,
        0.000014158
    ],
    [
        33,
        5,
        0.000062723
    ],
    [
        34,
        5,
        0.0000202049
    ],
    [
        35,
        5,
        0.0000193839
    ],
    [
        36,
        5,
        0.0000132518
    ],
    [
        37,
        5,
        0.0000205551
    ],
    [
        38,
        5,
        0.000033536
    ],
    [
        39,
        5,
        0.0000069968
    ],
    [
        40,
        5,
        0.0000135747
    ],
    [
        41,
        5,
        0
    ],
    [
        42,
        5,
        0
    ],
    [
        43,
        5,
        0
    ],
    [
        44,
        5,
        0
    ],
    [
        45,
        5,
        0.0000072405
    ],
    [
        46,
        5,
        0
    ],
    [
        47,
        5,
        0
    ],
    [
        48,
        5,
        0.0000063342
    ],
    [
        49,
        5,
        0
    ],
    [
        0,
        6,
        0.0002165983
    ],
    [
        1,
        6,
        0.0002685094
    ],
    [
        2,
        6,
        0.000327582
    ],
    [
        3,
        6,
        0.0006095431
    ],
    [
        4,
        6,
        0.0010663403
    ],
    [
        5,
        6,
        0.0010496326
    ],
    [
        6,
        6,
        0.0016090663
    ],
    [
        7,
        6,
        0.0021746973
    ],
    [
        8,
        6,
        0.0024669791
    ],
    [
        9,
        6,
        0.0023591393
    ],
    [
        10,
        6,
        0.0024246221
    ],
    [
        11,
        6,
        0.0020572963
    ],
    [
        12,
        6,
        0.0017322403
    ],
    [
        13,
        6,
        0.0014958468
    ],
    [
        14,
        6,
        0.0011255908
    ],
    [
        15,
        6,
        0.0013077065
    ],
    [
        16,
        6,
        0.0007682943
    ],
    [
        17,
        6,
        0.0007891415
    ],
    [
        18,
        6,
        0.000803474
    ],
    [
        19,
        6,
        0.0003523264
    ],
    [
        20,
        6,
        0.000401212
    ],
    [
        21,
        6,
        0.0003035361
    ],
    [
        22,
        6,
        0.000163734
    ],
    [
        23,
        6,
        0.0003214484
    ],
    [
        24,
        6,
        0.0001566983
    ],
    [
        25,
        6,
        0.0001545051
    ],
    [
        26,
        6,
        0.0001282765
    ],
    [
        27,
        6,
        0.0001009759
    ],
    [
        28,
        6,
        0.0001583448
    ],
    [
        29,
        6,
        0.0000554929
    ],
    [
        30,
        6,
        0.0000334342
    ],
    [
        31,
        6,
        0.0000767022
    ],
    [
        32,
        6,
        0.0000486657
    ],
    [
        33,
        6,
        0.000088116
    ],
    [
        34,
        6,
        0.0000284948
    ],
    [
        35,
        6,
        0.00003568
    ],
    [
        36,
        6,
        0.0000772295
    ],
    [
        37,
        6,
        0.0000062105
    ],
    [
        38,
        6,
        0.0000265172
    ],
    [
        39,
        6,
        0.0000134383
    ],
    [
        40,
        6,
        0.0000206788
    ],
    [
        41,
        6,
        0.0000070962
    ],
    [
        42,
        6,
        0
    ],
    [
        43,
        6,
        0
    ],
    [
        44,
        6,
        0
    ],
    [
        45,
        6,
        0.0000142003
    ],
    [
        46,
        6,
        0.0000070962
    ],
    [
        47,
        6,
        0.0000070962
    ],
    [
        48,
        6,
        0.00000694
    ],
    [
        49,
        6,
        0
    ],
    [
        0,
        7,
        0.0003257248
    ],
    [
        1,
        7,
        0.0002226067
    ],
    [
        2,
        7,
        0.0003652626
    ],
    [
        3,
        7,
        0.0009008074
    ],
    [
        4,
        7,
        0.0012294488
    ],
    [
        5,
        7,
        0.0015660812
    ],
    [
        6,
        7,
        0.0021746973
    ],
    [
        7,
        7,
        0.0030948536
    ],
    [
        8,
        7,
        0.0031958999
    ],
    [
        9,
        7,
        0.0030485981
    ],
    [
        10,
        7,
        0.0026926343
    ],
    [
        11,
        7,
        0.0028111024
    ],
    [
        12,
        7,
        0.0025916199
    ],
    [
        13,
        7,
        0.0022678326
    ],
    [
        14,
        7,
        0.0017685965
    ],
    [
        15,
        7,
        0.0017241672
    ],
    [
        16,
        7,
        0.001182027
    ],
    [
        17,
        7,
        0.0011812517
    ],
    [
        18,
        7,
        0.0009702993
    ],
    [
        19,
        7,
        0.0006920867
    ],
    [
        20,
        7,
        0.0006557536
    ],
    [
        21,
        7,
        0.0004386772
    ],
    [
        22,
        7,
        0.0003509228
    ],
    [
        23,
        7,
        0.0003218536
    ],
    [
        24,
        7,
        0.0001804632
    ],
    [
        25,
        7,
        0.0002231515
    ],
    [
        26,
        7,
        0.0001983765
    ],
    [
        27,
        7,
        0.0001050962
    ],
    [
        28,
        7,
        0.0001965166
    ],
    [
        29,
        7,
        0.0000753974
    ],
    [
        30,
        7,
        0.0001312852
    ],
    [
        31,
        7,
        0.0000553396
    ],
    [
        32,
        7,
        0.0000603586
    ],
    [
        33,
        7,
        0.0000625075
    ],
    [
        34,
        7,
        0.0000423721
    ],
    [
        35,
        7,
        0.0000616951
    ],
    [
        36,
        7,
        0.0000707459
    ],
    [
        37,
        7,
        0.0000353311
    ],
    [
        38,
        7,
        0.0000345837
    ],
    [
        39,
        7,
        0.0000352704
    ],
    [
        40,
        7,
        0.0000141924
    ],
    [
        41,
        7,
        0.0000210409
    ],
    [
        42,
        7,
        0.0000213631
    ],
    [
        43,
        7,
        0
    ],
    [
        44,
        7,
        0
    ],
    [
        45,
        7,
        0.0000143446
    ],
    [
        46,
        7,
        0
    ],
    [
        47,
        7,
        0
    ],
    [
        48,
        7,
        0
    ],
    [
        49,
        7,
        0
    ],
    [
        0,
        8,
        0.0003517384
    ],
    [
        1,
        8,
        0.0002476881
    ],
    [
        2,
        8,
        0.0004505968
    ],
    [
        3,
        8,
        0.00097019
    ],
    [
        4,
        8,
        0.0013976138
    ],
    [
        5,
        8,
        0.0017451212
    ],
    [
        6,
        8,
        0.0024669791
    ],
    [
        7,
        8,
        0.0031958999
    ],
    [
        8,
        8,
        0.003741581
    ],
    [
        9,
        8,
        0.0036635747
    ],
    [
        10,
        8,
        0.0037102997
    ],
    [
        11,
        8,
        0.0034813287
    ],
    [
        12,
        8,
        0.0029656766
    ],
    [
        13,
        8,
        0.0028479227
    ],
    [
        14,
        8,
        0.0020657561
    ],
    [
        15,
        8,
        0.0021790322
    ],
    [
        16,
        8,
        0.0015040054
    ],
    [
        17,
        8,
        0.0013213292
    ],
    [
        18,
        8,
        0.0011931884
    ],
    [
        19,
        8,
        0.0008363055
    ],
    [
        20,
        8,
        0.0007074569
    ],
    [
        21,
        8,
        0.0006079674
    ],
    [
        22,
        8,
        0.0003902722
    ],
    [
        23,
        8,
        0.0003591142
    ],
    [
        24,
        8,
        0.0003475823
    ],
    [
        25,
        8,
        0.0002885008
    ],
    [
        26,
        8,
        0.0002070418
    ],
    [
        27,
        8,
        0.0002054723
    ],
    [
        28,
        8,
        0.0002663822
    ],
    [
        29,
        8,
        0.0000806024
    ],
    [
        30,
        8,
        0.000075548
    ],
    [
        31,
        8,
        0.0001178928
    ],
    [
        32,
        8,
        0.0001434776
    ],
    [
        33,
        8,
        0.0001160245
    ],
    [
        34,
        8,
        0.0000770406
    ],
    [
        35,
        8,
        0.0000616549
    ],
    [
        36,
        8,
        0.0000354779
    ],
    [
        37,
        8,
        0.0000414524
    ],
    [
        38,
        8,
        0
    ],
    [
        39,
        8,
        0.0000133528
    ],
    [
        40,
        8,
        0
    ],
    [
        41,
        8,
        0.0000135747
    ],
    [
        42,
        8,
        0.0000072405
    ],
    [
        43,
        8,
        0
    ],
    [
        44,
        8,
        0
    ],
    [
        45,
        8,
        0.0000069968
    ],
    [
        46,
        8,
        0
    ],
    [
        47,
        8,
        0
    ],
    [
        48,
        8,
        0
    ],
    [
        49,
        8,
        0
    ],
    [
        0,
        9,
        0.000366691
    ],
    [
        1,
        9,
        0.000212997
    ],
    [
        2,
        9,
        0.000207951
    ],
    [
        3,
        9,
        0.0009372072
    ],
    [
        4,
        9,
        0.0012519477
    ],
    [
        5,
        9,
        0.0014384979
    ],
    [
        6,
        9,
        0.0023591393
    ],
    [
        7,
        9,
        0.0030485981
    ],
    [
        8,
        9,
        0.0036635747
    ],
    [
        9,
        9,
        0.0037952467
    ],
    [
        10,
        9,
        0.0038990099
    ],
    [
        11,
        9,
        0.0040700154
    ],
    [
        12,
        9,
        0.0039943074
    ],
    [
        13,
        9,
        0.0035538813
    ],
    [
        14,
        9,
        0.0026555343
    ],
    [
        15,
        9,
        0.0027548498
    ],
    [
        16,
        9,
        0.0018568684
    ],
    [
        17,
        9,
        0.0018832221
    ],
    [
        18,
        9,
        0.001307153
    ],
    [
        19,
        9,
        0.000964211
    ],
    [
        20,
        9,
        0.0008641212
    ],
    [
        21,
        9,
        0.0005915826
    ],
    [
        22,
        9,
        0.0004333185
    ],
    [
        23,
        9,
        0.0004352371
    ],
    [
        24,
        9,
        0.0002623066
    ],
    [
        25,
        9,
        0.000268496
    ],
    [
        26,
        9,
        0.0001525267
    ],
    [
        27,
        9,
        0.0002134259
    ],
    [
        28,
        9,
        0.0002061982
    ],
    [
        29,
        9,
        0.0001459633
    ],
    [
        30,
        9,
        0.0001371157
    ],
    [
        31,
        9,
        0.0001232882
    ],
    [
        32,
        9,
        0.0000908813
    ],
    [
        33,
        9,
        0.0000758541
    ],
    [
        34,
        9,
        0.0000558613
    ],
    [
        35,
        9,
        0.0000753957
    ],
    [
        36,
        9,
        0.0000696503
    ],
    [
        37,
        9,
        0.0000345943
    ],
    [
        38,
        9,
        0.0000354345
    ],
    [
        39,
        9,
        0.0000275736
    ],
    [
        40,
        9,
        0.0000069727
    ],
    [
        41,
        9,
        0.0000345612
    ],
    [
        42,
        9,
        0.0000209771
    ],
    [
        43,
        9,
        0
    ],
    [
        44,
        9,
        0
    ],
    [
        45,
        9,
        0
    ],
    [
        46,
        9,
        0.0000072405
    ],
    [
        47,
        9,
        0
    ],
    [
        48,
        9,
        0
    ],
    [
        49,
        9,
        0
    ],
    [
        0,
        10,
        0.000262757
    ],
    [
        1,
        10,
        0.0002132737
    ],
    [
        2,
        10,
        0.000365701
    ],
    [
        3,
        10,
        0.0007400648
    ],
    [
        4,
        10,
        0.0011234004
    ],
    [
        5,
        10,
        0.0012258351
    ],
    [
        6,
        10,
        0.0024246221
    ],
    [
        7,
        10,
        0.0026926343
    ],
    [
        8,
        10,
        0.0037102997
    ],
    [
        9,
        10,
        0.0038990099
    ],
    [
        10,
        10,
        0.0038795424
    ],
    [
        11,
        10,
        0.0049469166
    ],
    [
        12,
        10,
        0.0045590093
    ],
    [
        13,
        10,
        0.0037239174
    ],
    [
        14,
        10,
        0.0030213123
    ],
    [
        15,
        10,
        0.003114614
    ],
    [
        16,
        10,
        0.002291527
    ],
    [
        17,
        10,
        0.0022592131
    ],
    [
        18,
        10,
        0.0016549854
    ],
    [
        19,
        10,
        0.0011943687
    ],
    [
        20,
        10,
        0.0010007353
    ],
    [
        21,
        10,
        0.0008801354
    ],
    [
        22,
        10,
        0.0004375098
    ],
    [
        23,
        10,
        0.0006657868
    ],
    [
        24,
        10,
        0.0004589654
    ],
    [
        25,
        10,
        0.0004215903
    ],
    [
        26,
        10,
        0.0003224563
    ],
    [
        27,
        10,
        0.0002147334
    ],
    [
        28,
        10,
        0.0002598838
    ],
    [
        29,
        10,
        0.0001464964
    ],
    [
        30,
        10,
        0.0001451568
    ],
    [
        31,
        10,
        0.0001984521
    ],
    [
        32,
        10,
        0.0000745964
    ],
    [
        33,
        10,
        0.0001199872
    ],
    [
        34,
        10,
        0.0000748675
    ],
    [
        35,
        10,
        0.000088819
    ],
    [
        36,
        10,
        0.000069668
    ],
    [
        37,
        10,
        0.0000762188
    ],
    [
        38,
        10,
        0.0000475047
    ],
    [
        39,
        10,
        0.0000279193
    ],
    [
        40,
        10,
        0.0000274293
    ],
    [
        41,
        10,
        0.000033756
    ],
    [
        42,
        10,
        0
    ],
    [
        43,
        10,
        0.000014481
    ],
    [
        44,
        10,
        0
    ],
    [
        45,
        10,
        0.0000133311
    ],
    [
        46,
        10,
        0.0000143446
    ],
    [
        47,
        10,
        0
    ],
    [
        48,
        10,
        0.0000140154
    ],
    [
        49,
        10,
        0
    ],
    [
        0,
        11,
        0.0003343058
    ],
    [
        1,
        11,
        0.0002445424
    ],
    [
        2,
        11,
        0.0003394138
    ],
    [
        3,
        11,
        0.0006547577
    ],
    [
        4,
        11,
        0.0010577471
    ],
    [
        5,
        11,
        0.0013044591
    ],
    [
        6,
        11,
        0.0020572963
    ],
    [
        7,
        11,
        0.0028111024
    ],
    [
        8,
        11,
        0.0034813287
    ],
    [
        9,
        11,
        0.0040700154
    ],
    [
        10,
        11,
        0.0049469166
    ],
    [
        11,
        11,
        0.0055804651
    ],
    [
        12,
        11,
        0.0050921309
    ],
    [
        13,
        11,
        0.0044311455
    ],
    [
        14,
        11,
        0.0034651005
    ],
    [
        15,
        11,
        0.0039170053
    ],
    [
        16,
        11,
        0.0031372914
    ],
    [
        17,
        11,
        0.0026834997
    ],
    [
        18,
        11,
        0.0020561825
    ],
    [
        19,
        11,
        0.0015209941
    ],
    [
        20,
        11,
        0.0010091587
    ],
    [
        21,
        11,
        0.0009791475
    ],
    [
        22,
        11,
        0.0006807321
    ],
    [
        23,
        11,
        0.000746605
    ],
    [
        24,
        11,
        0.0003355543
    ],
    [
        25,
        11,
        0.0004496723
    ],
    [
        26,
        11,
        0.0003039725
    ],
    [
        27,
        11,
        0.0002902462
    ],
    [
        28,
        11,
        0.0003104565
    ],
    [
        29,
        11,
        0.0001850044
    ],
    [
        30,
        11,
        0.0001428109
    ],
    [
        31,
        11,
        0.0001810892
    ],
    [
        32,
        11,
        0.0001164158
    ],
    [
        33,
        11,
        0.0001366612
    ],
    [
        34,
        11,
        0.0001103633
    ],
    [
        35,
        11,
        0.0001093963
    ],
    [
        36,
        11,
        0.0000473916
    ],
    [
        37,
        11,
        0.0000669548
    ],
    [
        38,
        11,
        0.0000687831
    ],
    [
        39,
        11,
        0.0000563285
    ],
    [
        40,
        11,
        0.000033631
    ],
    [
        41,
        11,
        0.0000132529
    ],
    [
        42,
        11,
        0.0000126685
    ],
    [
        43,
        11,
        0.0000062105
    ],
    [
        44,
        11,
        0
    ],
    [
        45,
        11,
        0
    ],
    [
        46,
        11,
        0
    ],
    [
        47,
        11,
        0
    ],
    [
        48,
        11,
        0.0000070185
    ],
    [
        49,
        11,
        0
    ],
    [
        0,
        12,
        0.0003061766
    ],
    [
        1,
        12,
        0.0001901731
    ],
    [
        2,
        12,
        0.0003119617
    ],
    [
        3,
        12,
        0.0006774898
    ],
    [
        4,
        12,
        0.0008490098
    ],
    [
        5,
        12,
        0.0014194659
    ],
    [
        6,
        12,
        0.0017322403
    ],
    [
        7,
        12,
        0.0025916199
    ],
    [
        8,
        12,
        0.0029656766
    ],
    [
        9,
        12,
        0.0039943074
    ],
    [
        10,
        12,
        0.0045590093
    ],
    [
        11,
        12,
        0.0050921309
    ],
    [
        12,
        12,
        0.0054750621
    ],
    [
        13,
        12,
        0.0052898737
    ],
    [
        14,
        12,
        0.0041104553
    ],
    [
        15,
        12,
        0.0043488902
    ],
    [
        16,
        12,
        0.0034184785
    ],
    [
        17,
        12,
        0.0033078685
    ],
    [
        18,
        12,
        0.0023943073
    ],
    [
        19,
        12,
        0.0019088545
    ],
    [
        20,
        12,
        0.0015224215
    ],
    [
        21,
        12,
        0.0013100451
    ],
    [
        22,
        12,
        0.0009649024
    ],
    [
        23,
        12,
        0.0010041427
    ],
    [
        24,
        12,
        0.0005336701
    ],
    [
        25,
        12,
        0.0005401539
    ],
    [
        26,
        12,
        0.0003079973
    ],
    [
        27,
        12,
        0.0004456596
    ],
    [
        28,
        12,
        0.0003801214
    ],
    [
        29,
        12,
        0.0002692656
    ],
    [
        30,
        12,
        0.0001650512
    ],
    [
        31,
        12,
        0.0003462375
    ],
    [
        32,
        12,
        0.0002046958
    ],
    [
        33,
        12,
        0.000225752
    ],
    [
        34,
        12,
        0.0000829951
    ],
    [
        35,
        12,
        0.0001347711
    ],
    [
        36,
        12,
        0.000117276
    ],
    [
        37,
        12,
        0.0000622204
    ],
    [
        38,
        12,
        0.00007552
    ],
    [
        39,
        12,
        0.0000421005
    ],
    [
        40,
        12,
        0.0000482043
    ],
    [
        41,
        12,
        0.0000421855
    ],
    [
        42,
        12,
        0.0000487414
    ],
    [
        43,
        12,
        0.0000337207
    ],
    [
        44,
        12,
        0.0000139913
    ],
    [
        45,
        12,
        0.000020671
    ],
    [
        46,
        12,
        0.0000140362
    ],
    [
        47,
        12,
        0.0000070185
    ],
    [
        48,
        12,
        0.0000069968
    ],
    [
        49,
        12,
        0.0000063342
    ],
    [
        0,
        13,
        0.0002946149
    ],
    [
        1,
        13,
        0.0001617519
    ],
    [
        2,
        13,
        0.0002045974
    ],
    [
        3,
        13,
        0.0005288393
    ],
    [
        4,
        13,
        0.0006422514
    ],
    [
        5,
        13,
        0.0010350071
    ],
    [
        6,
        13,
        0.0014958468
    ],
    [
        7,
        13,
        0.0022678326
    ],
    [
        8,
        13,
        0.0028479227
    ],
    [
        9,
        13,
        0.0035538813
    ],
    [
        10,
        13,
        0.0037239174
    ],
    [
        11,
        13,
        0.0044311455
    ],
    [
        12,
        13,
        0.0052898737
    ],
    [
        13,
        13,
        0.0041023316
    ],
    [
        14,
        13,
        0.0038383029
    ],
    [
        15,
        13,
        0.0042042941
    ],
    [
        16,
        13,
        0.003360147
    ],
    [
        17,
        13,
        0.0026492525
    ],
    [
        18,
        13,
        0.0023822195
    ],
    [
        19,
        13,
        0.002030077
    ],
    [
        20,
        13,
        0.0013139262
    ],
    [
        21,
        13,
        0.0011732825
    ],
    [
        22,
        13,
        0.0010167921
    ],
    [
        23,
        13,
        0.0009159143
    ],
    [
        24,
        13,
        0.0005419604
    ],
    [
        25,
        13,
        0.0006113792
    ],
    [
        26,
        13,
        0.0003602927
    ],
    [
        27,
        13,
        0.0005841063
    ],
    [
        28,
        13,
        0.0003179445
    ],
    [
        29,
        13,
        0.0002257399
    ],
    [
        30,
        13,
        0.000197035
    ],
    [
        31,
        13,
        0.0003346919
    ],
    [
        32,
        13,
        0.0001081916
    ],
    [
        33,
        13,
        0.0001857241
    ],
    [
        34,
        13,
        0.0000422373
    ],
    [
        35,
        13,
        0.0001919269
    ],
    [
        36,
        13,
        0.0000761556
    ],
    [
        37,
        13,
        0.0000916877
    ],
    [
        38,
        13,
        0.0000416342
    ],
    [
        39,
        13,
        0.0000540901
    ],
    [
        40,
        13,
        0.0000409208
    ],
    [
        41,
        13,
        0.0000214487
    ],
    [
        42,
        13,
        0.0000141805
    ],
    [
        43,
        13,
        0.0000197647
    ],
    [
        44,
        13,
        0
    ],
    [
        45,
        13,
        0.0000139913
    ],
    [
        46,
        13,
        0.0000070185
    ],
    [
        47,
        13,
        0.0000060124
    ],
    [
        48,
        13,
        0.000014158
    ],
    [
        49,
        13,
        0.0000069968
    ],
    [
        0,
        14,
        0.0001717841
    ],
    [
        1,
        14,
        0.0001073173
    ],
    [
        2,
        14,
        0.0002117364
    ],
    [
        3,
        14,
        0.000348533
    ],
    [
        4,
        14,
        0.0005670785
    ],
    [
        5,
        14,
        0.0008309338
    ],
    [
        6,
        14,
        0.0011255908
    ],
    [
        7,
        14,
        0.0017685965
    ],
    [
        8,
        14,
        0.0020657561
    ],
    [
        9,
        14,
        0.0026555343
    ],
    [
        10,
        14,
        0.0030213123
    ],
    [
        11,
        14,
        0.0034651005
    ],
    [
        12,
        14,
        0.0041104553
    ],
    [
        13,
        14,
        0.0038383029
    ],
    [
